Molecule         Charge     2S frozen           E_RHF (Eh)          E_CCSD (Eh)       E_CCSD(T) (Eh)
----------------------------------------------------------------------------------------------------
acetaldehyde          0      0      3      -152.9147181809      -153.3731731986      -153.3865564988
acetic                0      0      4      -227.8110265942      -228.4494929519      -228.4674871589
alcl                  0      0     10      -701.4851989924      -701.6873723259      -701.6919383456
alcl3                 0      0     20     -1620.6514851205     -1621.1397037907     -1621.1498461946
alf                   0      0      6      -341.4228496558      -341.6709445023      -341.6751954022
alf3                  0      0      8      -540.4549264353      -541.0794558320      -541.0882935367
alh                   0      0      5      -242.4525015777      -242.5162417799      -242.5172062763
alh3                  0      0      5      -243.6261077558      -243.6989698563      -243.7000270249
allene                0      0      3      -115.8578208253      -116.2593022716      -116.2742300181
b2h6                  0      0      2       -52.8011810622       -53.0127913631       -53.0179444008
benzene               0      0      6      -230.7021216529      -231.4870207893      -231.5208770465
beta-lactim           0      0      5      -245.7762841772      -246.5282079899      -246.5531283509
bf                    0      0      2      -124.1075318340      -124.3734613613      -124.3794189213
bf3                   0      0      4      -323.2010937787      -323.8440943256      -323.8549245445
bh                    0      0      1       -25.1234403171       -25.2025390760       -25.2038006563
bh3                   0      0      1       -26.3844593317       -26.4762393238       -26.4774778548
bhf2                  0      0      3      -224.2632438519      -224.7239395635      -224.7320028320
bn                    0      0      2       -78.8881230490       -79.1771179268       -79.2059747985
borole                0      0      5      -179.0064725420      -179.6119229890      -179.6368562983
c-hcoh                0      0      2      -113.7777186307      -114.0908503141      -114.0989716599
c-hono                0      0      3      -204.6483891044      -205.1928599415      -205.2119647162
c-n2h2                0      0      2      -109.9853473187      -110.3226712640      -110.3335817351
c2                    0      0      2       -75.3868171139       -75.6989402454       -75.7264779395
c2cl2                 0      0     12      -994.6423831989      -995.1880790452      -995.2079088633
c2cl4                 0      0     22     -1913.6935772596     -1914.5453124750     -1914.5734367297
c2cl6                 0      0     32     -2832.6923768973     -2833.8537561150     -2833.8901149543
c2clh                 0      0      7      -535.7309973950      -536.1352732251      -536.1504126686
c2clh3                0      0      7      -536.9514774808      -537.3712761813      -537.3841587435
c2clh5                0      0      7      -538.1429615957      -538.5788280802      -538.5890926841
c2f4                  0      0      6      -473.4417244557      -474.4477871949      -474.4714327692
c2f6                  0      0      8      -672.4133303940      -673.7950865505      -673.8235073195
c2h2                  0      0      2       -76.8179298673       -77.0809273154       -77.0914701250
c2h3f                 0      0      3      -176.8842104871      -177.3440247149      -177.3561756122
c2h4                  0      0      2       -78.0260433742       -78.3046340881       -78.3131169217
c2h5f                 0      0      3      -178.0733635952      -178.5486680274      -178.5581855983
c2h6                  0      0      2       -79.2158051594       -79.5126774887       -79.5189407662
ccl2                  0      0     11      -956.7635594569      -957.1833233295      -957.1980743289
ccl2h2                0      0     11      -958.0251588996      -958.4610621531      -958.4715165761
ccl2o                 0      0     12     -1031.7331873718     -1032.3389269701     -1032.3589020562
ccl3h                 0      0     16     -1416.9353035741     -1417.5159055076     -1417.5314336055
ccl4                  0      0     21     -1875.8367938044     -1876.5644563732     -1876.5856654501
cclh3                 0      0      6      -499.1079278016      -499.4023487669      -499.4084216357
cf2                   0      0      3      -236.6731459071      -237.1709382320      -237.1830123316
cf2cl2                0      0     13     -1155.7400599366     -1156.5434179835     -1156.5625054459
cf4                   0      0      5      -435.6652416233      -436.5434889801      -436.5600881482
ch2-sing              0      0      1       -38.8748955673       -38.9983440064       -39.0006948350
ch2c                  0      0      2       -76.7655628298       -77.0150614862       -77.0238394438
ch2clf                0      0      7      -597.9610046497      -598.4360742606      -598.4458486721
ch2f2                 0      0      3      -237.9046058646      -238.4189401321      -238.4279821281
ch2nh                 0      0      2       -94.0259651164       -94.3311042032       -94.3404700448
ch3f                  0      0      2      -139.0345805992      -139.3689142934      -139.3744304125
ch3nh2                0      0      2       -95.1996556771       -95.5209346228       -95.5272995697
ch3ph2                0      0      6      -381.4937798938      -381.7717562449      -381.7785071257
ch4                   0      0      1       -40.1852147545       -40.3422906548       -40.3447557028
chf3                  0      0      4      -336.7860823888      -337.4822048818      -337.4950252510
cis-c2f2cl2           0      0     14     -1193.5626632035     -1194.4916277552     -1194.5175644821
cl2                   0      0     10      -918.9609353931      -919.2569519379      -919.2632424262
cl2o                  0      0     11      -993.7134274389      -994.2026311764      -994.2163017814
clcn                  0      0      7      -551.7885668531      -552.2199559554      -552.2367016930
clcof                 0      0      8      -671.6816527566      -672.3250064872      -672.3435659486
clf                   0      0      6      -558.8442447792      -559.1867639612      -559.1933722468
clf3                  0      0      8      -757.5091353977      -758.2612457004      -758.2800536498
clf5                  0      0     10      -956.1548503352      -957.3235390207      -957.3551963542
clno                  0      0      7      -588.7147516889      -589.2229047004      -589.2445102026
cloocl                0      0     12     -1068.4782780137     -1069.1643460434     -1069.1863125092
co                    0      0      2      -112.7489702114      -113.0438574206      -113.0545921059
co2                   0      0      3      -187.6506108496      -188.1296264842      -188.1476922965
cs                    0      0      6      -435.3294950590      -435.5903110240      -435.6046735498
cs2                   0      0     11      -832.9259277383      -833.3306292670      -833.3532883958
cyclobutadiene        0      0      4      -153.6413465784      -154.1779980427      -154.2013128245
cyclobutane           0      0      4      -156.0821084262      -156.6470707158      -156.6633984858
cyclobutene           0      0      4      -154.8924836051      -155.4385597596      -155.4575696090
cyclopentadiene       0      0      5      -192.7882689077      -193.4576399455      -193.4839246717
cyclopropane          0      0      3      -117.0467519827      -117.4682201925      -117.4800268846
cyclopropene          0      0      3      -115.8187786627      -116.2239052720      -116.2386898554
dioxetan2one          0      0      5      -301.4890591275      -302.2915587641      -302.3177588389
dioxetane             0      0      4      -227.7323068535      -228.3680602916      -228.3851849836
dioxirane             0      0      3      -188.6090782614      -189.1233758573      -189.1401695974
dithiotane            0      0     12      -873.0829429076      -873.6406309545      -873.6591607788
ethanol               0      0      3      -154.0652253738      -154.5412694687      -154.5513573050
f2                    0      0      2      -198.6855771321      -199.0884791852      -199.0975238319
f2co                  0      0      4      -311.6339238439      -312.3140308372      -312.3310493524
f2o                   0      0      3      -273.4635161753      -274.0556775212      -274.0716235847
fccf                  0      0      4      -274.4764742831      -275.1028883911      -275.1209754227
fno                   0      0      3      -228.6329935201      -229.1834442814      -229.2036964078
foof                  0      0      4      -348.2166274892      -349.0254081679      -349.0561756818
formamide             0      0      3      -168.9310156336      -169.4135058613      -169.4275045109
formic-anhydride      0      0      5      -301.4980793677      -302.2998055557      -302.3266102169
formic                0      0      3      -188.7668336600      -189.2656574303      -189.2797401378
furan                 0      0      5      -228.6287317956      -229.3392947380      -229.3670528131
glyoxal               0      0      4      -226.6025819685      -227.2241333472      -227.2451326283
h2                    0      0      0        -1.1245833245        -1.1480521051        -1.1480521051
h2co                  0      0      2      -113.8692106084      -114.1876064881      -114.1968859526
h2o                   0      0      1       -76.0031565137       -76.2013574157       -76.2031168346
h2s                   0      0      5      -398.6847738882      -398.8347813012      -398.8372802403
hccf                  0      0      3      -175.6517807233      -176.0966703830      -176.1110552060
hcl                   0      0      5      -460.0815513948      -460.2362491489      -460.2380738400
hclo4                 0      0      9      -759.0681943308      -759.9763755533      -760.0061523327
hcn                   0      0      2       -92.8786012482       -93.1675133737       -93.1791620912
hcno                  0      0      3      -167.6373730172      -168.1244836630      -168.1466971227
hcof                  0      0      3      -212.7586381612      -213.2589316878      -213.2724782391
hf                    0      0      1      -100.0020000128      -100.2022809635      -100.2035300753
hnc                   0      0      2       -92.8586628585       -93.1403625528       -93.1513768351
hnco                  0      0      3      -167.7709029634      -168.2359316791      -168.2542366041
hnnn                  0      0      3      -163.8483281446      -164.3441353575      -164.3671549953
hno                   0      0      2      -129.7926717247      -130.1474812294      -130.1588946146
hocl                  0      0      6      -534.8615521222      -535.2027472075      -535.2098237794
hoclo                 0      0      7      -609.5655019537      -610.1038143349      -610.1207089714
hoclo2                0      0      8      -684.3120804129      -685.0416180560      -685.0666246410
hocn                  0      0      3      -167.7270380622      -168.1950621469      -168.2112787128
hof                   0      0      2      -174.7331343563      -175.1254376654      -175.1336637768
honc                  0      0      3      -167.6330859683      -168.1028235390      -168.1195340204
hooh                  0      0      2      -150.7621812677      -151.1498841195      -151.1576796851
ketene                0      0      3      -151.7319381155      -152.1719960660      -152.1883037338
methanol              0      0      2      -115.0281958477      -115.3630905599      -115.3691523299
n-butane              0      0      4      -157.2791080737      -157.8592636106      -157.8738302997
n-pentane             0      0      5      -196.3107963531      -197.0326922907      -197.0514538463
n2                    0      0      2      -108.9537505521      -109.2635991533      -109.2755415220
n2h4                  0      0      2      -111.1622935508      -111.5111144521      -111.5177869822
n2o                   0      0      3      -183.6953963633      -184.2089310638      -184.2330969303
n2o4                  0      0      6      -408.0663143940      -409.1734076708      -409.2274930652
nccn                  0      0      4      -184.6027857389      -185.1641520795      -185.1911735123
nh2cl                 0      0      6      -515.0599140407      -515.3838442749      -515.3908213089
nh2f                  0      0      2      -154.9586622265      -155.3266792508      -155.3335470164
nh2oh                 0      0      2      -130.9742129106      -131.3409371052      -131.3478893361
nh3                   0      0      1       -56.1760976909       -56.3591348926       -56.3614488414
o3                    0      0      3      -224.2667370586      -224.8764851867      -224.9092863758
ocs                   0      0      7      -510.2906138039      -510.7317793570      -510.7518238131
oxadiazole            0      0      5      -260.5571535956      -261.3362365221      -261.3705837307
oxetane               0      0      4      -191.9020811695      -192.5027738608      -192.5195030476
oxirane               0      0      3      -152.8631970281      -153.3250452073      -153.3380953715
oxirene               0      0      3      -151.5849162700      -152.0375223193      -152.0546349974
p2                    0      0     10      -681.4653583271      -681.7102018014      -681.7244350673
p4                    0      0     20     -1362.9884655041     -1363.4706954988     -1363.4991078286
pf3                   0      0      8      -639.1379505003      -639.8178775432      -639.8304470023
pf5                   0      0     10      -838.0479315540      -839.1080438543      -839.1257251207
ph3                   0      0      5      -342.4626189299      -342.5990015752      -342.6018634590
propane               0      0      3      -118.2474165617      -118.6858575587      -118.6962484418
propene               0      0      3      -117.0622262998      -117.4816590020      -117.4942904715
propyne               0      0      3      -115.8605212169      -116.2617414314      -116.2762765595
pyrrole               0      0      5      -208.8073400508      -209.5031303417      -209.5305751219
s2o                   0      0     11      -869.8469018641      -870.3219996389      -870.3445684129
s3                    0      0     15     -1192.5393585519     -1192.9699665979     -1192.9932211354
s4-c2v                0      0     20     -1590.0407759389     -1590.6325716115     -1590.6708156563
sf6                   0      0     11      -994.0059786891      -995.2988719894      -995.3231836627
si2h6                 0      0     10      -581.3263605399      -581.5368172599      -581.5421869595
sif4                  0      0      9      -686.9340376999      -687.7727384495      -687.7852046527
sih3f                 0      0      6      -390.1544836754      -390.4426527428      -390.4471799673
sih4                  0      0      5      -291.2345156891      -291.3441728370      -291.3463113439
silole                0      0      9      -443.8473108248      -444.4736644842      -444.4993438085
sio                   0      0      6      -363.7897744129      -364.0690898292      -364.0808352532
so2                   0      0      7      -547.1790500700      -547.6947558315      -547.7151685979
so3                   0      0      8      -621.9922219365      -622.6849409866      -622.7099720794
t-butadiene           0      0      4      -154.9137155154      -155.4555646147      -155.4752838926
t-hcoh                0      0      2      -113.7863323359      -114.0991444508      -114.1071620038
t-hono                0      0      3      -204.6455330421      -205.1908094214      -205.2098656568
t-n2h2                0      0      2      -109.9956615298      -110.3317949538      -110.3424893927
tetrahedrane          0      0      4      -153.5954952370      -154.1295613074      -154.1498166407
thiophene             0      0      9      -551.3066253299      -551.9764452012      -552.0054386935
trans-c2f2cl2         0      0     14     -1193.5655948067     -1194.4943332393     -1194.5202501579
